Index,timestamp,heart_rate,sleep_stage
1,0.0,67.73793200426265,0
2,30.0,60.97262436458918,0
3,60.0,67.94843345049834,0
4,90.0,63.087755109571305,0
5,120.0,63.85633405832975,0
6,150.0,63.8286434456715,0
7,180.0,63.76278391153845,0
8,210.0,65.06507269104108,0
9,240.0,60.48064613902602,0
10,270.0,65.79118473980067,0
11,300.0,64.80407572615394,0
12,330.0,68.08458358043146,0
13,360.0,57.2208844022317,0
14,390.0,73.98939415214497,0
15,420.0,62.52136121968513,0
16,450.0,45.340521920093245,0
17,480.0,63.767664119230965,0
18,510.0,63.23709682612156,0
19,540.0,61.612041857273816,0
20,570.0,58.69840723842154,0
21,600.0,59.40233455498366,0
22,630.0,58.89644516339654,0
23,660.0,60.24624084552568,0
24,690.0,56.407907745578775,0
25,720.0,59.32625892766232,0
26,750.0,57.32539729381644,0
27,780.0,59.70724127018352,0
28,810.0,56.73436221332562,0
29,840.0,59.96437388283392,0
30,870.0,63.88420729765914,0
31,900.0,60.28747831614459,0
32,930.0,59.68499407856429,0
33,960.0,60.15404016590149,0
34,990.0,59.34314108755202,0
35,1020.0,57.50167178185925,0
36,1050.0,59.63591702727376,0
37,1080.0,64.20588583867966,0
38,1110.0,57.32355537471134,0
39,1140.0,62.32602553400754,0
40,1170.0,62.45267870878891,0
41,1200.0,63.863593107023824,0
42,1230.0,58.06521541582641,0
43,1260.0,58.73930780889508,0
44,1290.0,58.89002913646494,0
45,1320.0,64.72058886909912,0
46,1350.0,60.04102944752473,0
47,1380.0,60.10684618691123,0
48,1410.0,59.84398731001055,0
49,1440.0,59.2798639040144,0
50,1470.0,63.25274683371603,0
51,1500.0,62.91037715443861,0
52,1530.0,59.156309954189645,0
53,1560.0,64.18144669724862,0
54,1590.0,61.49781284170774,0
55,1620.0,61.690306103206936,0
56,1650.0,58.56327598822519,0
57,1680.0,63.69103781123152,0
58,1710.0,63.3751449530872,0
59,1740.0,64.93603452881494,0
60,1770.0,64.44200889641216,0
61,1800.0,67.43580938903843,0
62,1830.0,70.84871635881191,0
63,1860.0,69.41181088731287,0
64,1890.0,61.7925069014549,0
65,1920.0,65.20724478914072,0
66,1950.0,60.86156532434859,0
67,1980.0,62.07552820008272,0
68,2010.0,58.72592758219994,0
69,2040.0,67.43208534909336,0
70,2070.0,29.55413527874625,0
71,2100.0,46.43386179275628,0
72,2130.0,63.55833153080557,0
73,2160.0,61.87894713000336,0
74,2190.0,49.844113075271736,0
75,2220.0,-4.94206210196712,0
76,2250.0,40.1916293884876,0
77,2280.0,65.34238164813071,0
78,2310.0,37.52605770937368,0
79,2340.0,23.601368074930004,0
80,2370.0,68.72711757543894,0
81,2400.0,56.97666498659999,0
82,2430.0,64.75531680224711,0
83,2460.0,58.09051754163925,0
84,2490.0,60.42110126779947,0
85,2520.0,58.66586610157091,0
86,2550.0,65.47750213115235,0
87,2580.0,59.26968953667408,0
88,2610.0,67.27749461088504,0
89,2640.0,63.23667047033931,0
90,2670.0,64.92048111240832,0
91,2700.0,65.17887180637757,0
92,2730.0,64.50372799471006,0
93,2760.0,58.65379085456166,0
94,2790.0,67.88679630281602,0
95,2820.0,62.00488190272064,0
96,2850.0,58.65500819263444,0
97,2880.0,57.77473142494537,0
98,2910.0,68.61769271804602,0
99,2940.0,70.8549286666361,0
100,2970.0,60.89983393797766,0
101,3000.0,66.77201666068919,0
102,3030.0,60.78357690088362,0
103,3060.0,64.82173968164791,0
104,3090.0,62.30657111890487,0
105,3120.0,66.76795128822377,0
106,3150.0,62.23628870115613,0
107,3180.0,60.935439828523,0
108,3210.0,61.01661022461304,0
109,3240.0,62.98885960902918,0
110,3270.0,61.96024056928098,0
111,3300.0,63.05268553123143,0
112,3330.0,58.90006986011634,0
113,3360.0,64.57192999355891,0
114,3390.0,65.15861696798916,0
115,3420.0,58.60062391837189,0
116,3450.0,61.02347367415444,0
117,3480.0,62.64222576091827,0
118,3510.0,61.353419989524056,0
119,3540.0,60.77004896519545,0
120,3570.0,61.18274678991786,0
121,3600.0,60.86461383760135,0
122,3630.0,61.93899536257162,0
123,3660.0,59.50731686224795,0
124,3690.0,62.299595830586526,0
125,3720.0,62.925195110394,0
126,3750.0,63.881373402775445,0
127,3780.0,61.12108292078888,0
128,3810.0,66.34433374388527,0
129,3840.0,68.51665491751773,0
130,3870.0,68.67421442926985,0
131,3900.0,66.49580548831328,0
132,3930.0,65.27933906525261,0
133,3960.0,62.05887775049439,0
134,3990.0,68.47108169595211,0
135,4020.0,65.75443649838563,0
136,4050.0,70.30260893032985,0
137,4080.0,69.38517728672036,0
138,4110.0,67.65885443174942,0
139,4140.0,69.19223267335886,0
140,4170.0,67.83270041535039,0
141,4200.0,69.43992816990423,0
142,4230.0,68.63332198260295,0
143,4260.0,70.97710887337172,0
144,4290.0,70.20878132888693,0
145,4320.0,67.08803689050292,0
146,4350.0,66.4603959543269,0
147,4380.0,62.3860366292533,0
148,4410.0,63.56104081502673,0
149,4440.0,66.55800012525012,0
150,4470.0,71.67351743792949,0
151,4500.0,67.78507719641205,0
152,4530.0,70.13156087426557,0
153,4560.0,70.65132197931156,0
154,4590.0,70.61439139797605,0
155,4620.0,65.46318876836757,0
156,4650.0,70.09916536638531,0
157,4680.0,58.146287512881486,0
158,4710.0,67.22387046492656,0
159,4740.0,91.06495468646264,0
160,4770.0,85.04627332198403,0
161,4800.0,97.5072306397294,0
162,4830.0,84.8727284306464,0
163,4860.0,83.11957406686003,0
164,4890.0,57.70817380716096,0
165,4920.0,32.319059752612496,0
166,4950.0,77.59752722997013,0
167,4980.0,49.41808645417567,0
168,5010.0,32.591535800961964,0
169,5040.0,73.72549250033144,0
170,5070.0,75.44797897039247,0
171,5100.0,75.21922793550203,0
172,5130.0,64.24276665377396,0
173,5160.0,79.42917881127259,0
174,5190.0,100.55738288444562,0
175,5220.0,81.70195614839456,0
176,5250.0,69.26739983859395,0
177,5280.0,66.13826989939476,0
178,5310.0,59.29522939863279,0
179,5340.0,61.26630381830939,0
180,5370.0,63.00335808945259,0
181,5400.0,63.6887096992032,0
182,5430.0,61.79860964586998,0
183,5460.0,62.15344594458734,0
184,5490.0,61.30116424220856,0
185,5520.0,64.47787879983676,0
186,5550.0,64.16992833703405,0
187,5580.0,64.44770603879587,0
188,5610.0,65.80882364895902,0
189,5640.0,63.786809673952334,0
190,5670.0,62.11424809519491,0
191,5700.0,63.02064659859183,0
192,5730.0,66.87324859916185,0
193,5760.0,67.78061532338769,0
194,5790.0,65.76421216887374,0
195,5820.0,66.01126448590107,0
196,5850.0,68.85521619481345,0
197,5880.0,64.63486077647796,0
198,5910.0,64.4414547137592,0
199,5940.0,62.295849905465865,0
200,5970.0,62.9604677553486,0
201,6000.0,68.69655586301407,0
202,6030.0,68.54729892898547,0
203,6060.0,75.49932288152708,0
204,6090.0,60.01381467277574,0
205,6120.0,80.68633977744622,0
206,6150.0,45.99627476416945,0
207,6180.0,54.22058261956214,0
208,6210.0,62.35015761690927,0
209,6240.0,56.0814169263026,0
210,6270.0,32.298269494969674,0
211,6300.0,40.83567620717334,0
212,6330.0,85.03156284601786,0
213,6360.0,67.93163947097437,0
214,6390.0,93.7155437283421,0
215,6420.0,76.93884042399073,0
216,6450.0,79.05508194054633,0
217,6480.0,72.74337050274443,0
218,6510.0,68.08050599896248,0
219,6540.0,65.08526694219424,0
220,6570.0,68.70090076538945,0
221,6600.0,61.991841512448126,0
222,6630.0,66.77719649281059,0
223,6660.0,61.773790017824005,0
224,6690.0,64.75061958480134,0
225,6720.0,63.30018602374187,0
226,6750.0,63.78085576502221,0
227,6780.0,63.305637114236816,0
228,6810.0,62.02539984985655,1
229,6840.0,62.22791463164103,1
230,6870.0,63.902960127739945,2
231,6900.0,61.28657032223505,2
232,6930.0,61.16772476695469,2
233,6960.0,61.12761235166475,2
234,6990.0,60.92198898620441,2
235,7020.0,60.61916918845981,2
236,7050.0,61.25655079002565,2
237,7080.0,58.62560823727069,2
238,7110.0,60.13938199953658,2
239,7140.0,58.31313908648679,2
240,7170.0,57.19383370925164,2
241,7200.0,59.04493359615058,2
242,7230.0,57.88314821099897,2
243,7260.0,58.174632943314094,2
244,7290.0,59.65620347196624,2
245,7320.0,56.42625667036896,2
246,7350.0,59.91364260727365,2
247,7380.0,57.30330827223823,2
248,7410.0,58.54833365819432,2
249,7440.0,54.86602104420993,2
250,7470.0,74.22929659579725,0
251,7500.0,84.96182589482213,0
252,7530.0,78.33430025490408,0
253,7560.0,68.57787145265104,1
254,7590.0,65.21953802566942,1
255,7620.0,63.07267382276334,1
256,7650.0,64.11748686858992,2
257,7680.0,63.921772727934695,2
258,7710.0,62.86360921637224,2
259,7740.0,62.84649696439103,2
260,7770.0,62.74368716664553,2
261,7800.0,60.12959192193483,2
262,7830.0,59.47876799989094,2
263,7860.0,60.87988314961312,2
264,7890.0,60.78179754161331,3
265,7920.0,60.40858968455881,2
266,7950.0,60.66818177951013,3
267,7980.0,60.81886117793356,3
268,8010.0,60.95287086010705,3
269,8040.0,59.93918564506011,2
270,8070.0,61.332018573748144,3
271,8100.0,60.53791849198318,3
272,8130.0,59.88109670625618,3
273,8160.0,60.82577513204854,3
274,8190.0,60.05263741196346,3
275,8220.0,60.40446131854284,3
276,8250.0,59.83330584191618,3
277,8280.0,59.39633910858468,3
278,8310.0,59.969000712481694,3
279,8340.0,59.46157609584285,3
280,8370.0,60.82131640972869,3
281,8400.0,60.193543225904826,3
282,8430.0,60.2843261858671,3
283,8460.0,58.98668081096649,3
284,8490.0,59.59546836252192,3
285,8520.0,59.68716313078044,3
286,8550.0,60.28006031264959,3
287,8580.0,58.49557010179772,3
288,8610.0,60.82203837828915,3
289,8640.0,59.52730580442106,3
290,8670.0,60.70592907324483,3
291,8700.0,60.5875901782772,3
292,8730.0,62.54507291569082,3
293,8760.0,59.85913711868296,0
294,8790.0,65.4761579552178,2
295,8820.0,65.12528529577213,2
296,8850.0,79.83579749941245,0
297,8880.0,77.7541608766183,1
298,8910.0,57.58842555551569,1
299,8940.0,63.005358718379085,2
300,8970.0,60.863405171705246,2
301,9000.0,62.800513101212914,2
302,9030.0,59.18722852909385,2
303,9060.0,60.70302841100084,2
304,9090.0,59.66149568105834,2
305,9120.0,62.21873099885228,2
306,9150.0,60.51978387171752,2
307,9180.0,59.538329557858575,2
308,9210.0,61.42381368057693,1
309,9240.0,58.20710184899212,2
310,9270.0,60.5543151112971,2
311,9300.0,59.85245786146283,2
312,9330.0,59.62662302626602,2
313,9360.0,61.13933324807841,2
314,9390.0,59.63100487084401,3
315,9420.0,61.00847603539433,2
316,9450.0,60.698118735169245,3
317,9480.0,61.41340778270331,2
318,9510.0,62.04422722648499,3
319,9540.0,61.32656102918177,3
320,9570.0,60.19445932055045,3
321,9600.0,60.93197948430637,3
322,9630.0,61.61338220418351,3
323,9660.0,61.113661956943936,3
324,9690.0,63.01231043681702,3
325,9720.0,62.25920197776405,3
326,9750.0,62.10056987353552,3
327,9780.0,61.54677914435454,3
328,9810.0,63.16116817961505,3
329,9840.0,61.97333985765309,3
330,9870.0,63.38182233481567,3
331,9900.0,64.5142212585864,2
332,9930.0,63.9477980727456,2
333,9960.0,62.796195024832976,2
334,9990.0,63.42745501177983,2
335,10020.0,65.10739135083416,5
336,10050.0,73.09603192063499,5
337,10080.0,70.87239938764395,5
338,10110.0,72.50763218760258,5
339,10140.0,73.2424639342882,5
340,10170.0,66.93672273596522,5
341,10200.0,62.91039655977339,5
342,10230.0,63.85736790042844,5
343,10260.0,70.96701794945922,0
344,10290.0,67.44838666498589,1
345,10320.0,66.64553048210537,2
346,10350.0,67.9329939618776,0
347,10380.0,76.0295925081001,0
348,10410.0,71.76983020443552,1
349,10440.0,66.55066866822624,1
350,10470.0,63.698131779728506,1
351,10500.0,72.44317834577649,1
352,10530.0,69.44723459436663,2
353,10560.0,64.06175510523838,2
354,10590.0,66.49767671418536,2
355,10620.0,66.70673316892672,1
356,10650.0,66.65495321931537,2
357,10680.0,65.4596596905803,2
358,10710.0,68.10639364148392,1
359,10740.0,67.24135756544486,2
360,10770.0,63.68090241085908,2
361,10800.0,64.3828123335134,2
362,10830.0,63.20423858290676,2
363,10860.0,65.14466963115557,2
364,10890.0,64.03527873843356,2
365,10920.0,64.50420613170354,2
366,10950.0,63.35669601177594,2
367,10980.0,63.48677130227579,2
368,11010.0,70.86908882089755,0
369,11040.0,74.60886356902375,0
370,11070.0,71.34241697407232,1
371,11100.0,63.50234892067708,2
372,11130.0,64.54843232905867,1
373,11160.0,63.58741260157914,2
374,11190.0,64.705203503078,2
375,11220.0,67.28058076145953,2
376,11250.0,63.79948763028569,1
377,11280.0,63.18005071844546,2
378,11310.0,66.13456826519344,2
379,11340.0,63.25618559869751,2
380,11370.0,65.51545703769045,2
381,11400.0,63.17759798532195,2
382,11430.0,61.505899833187655,2
383,11460.0,62.12453897214623,2
384,11490.0,63.4411281613729,2
385,11520.0,61.69705179665437,2
386,11550.0,63.419051560945874,1
387,11580.0,61.1577867785448,2
388,11610.0,63.91398651994499,2
389,11640.0,63.37601115099797,2
390,11670.0,64.07124529217461,2
391,11700.0,63.56958842204634,2
392,11730.0,61.41334598653752,2
393,11760.0,65.09678521801871,2
394,11790.0,63.2924151551683,2
395,11820.0,64.36757995059791,2
396,11850.0,63.50961212961495,2
397,11880.0,64.17270268109957,2
398,11910.0,63.63687493081795,2
399,11940.0,63.76981854748298,2
400,11970.0,64.49437599324126,2
401,12000.0,63.01731352636317,2
402,12030.0,68.76160782917738,2
403,12060.0,67.10076237399348,2
404,12090.0,66.74004961834704,2
405,12120.0,69.9713278383844,2
406,12150.0,66.76980576828566,2
407,12180.0,65.81466838104237,1
408,12210.0,62.285505188719966,2
409,12240.0,65.77968373083708,2
410,12270.0,63.26317321363698,2
411,12300.0,62.487579568150686,1
412,12330.0,66.58917293306388,1
413,12360.0,65.35595449294821,1
414,12390.0,62.049868647244764,2
415,12420.0,62.66349631376792,2
416,12450.0,62.41524125619602,1
417,12480.0,63.29658732919391,2
418,12510.0,64.13926772104902,1
419,12540.0,64.93665870675403,2
420,12570.0,60.2379604828638,2
421,12600.0,64.95520031020739,0
422,12630.0,56.89846665709596,0
423,12660.0,71.96102385207995,0
424,12690.0,70.91725987116365,1
425,12720.0,64.31418082424145,0
426,12750.0,67.2819571096851,0
427,12780.0,64.75386510410274,1
428,12810.0,66.68728844350152,2
429,12840.0,64.97852748211584,2
430,12870.0,64.13931975599465,1
431,12900.0,61.47534256195591,2
432,12930.0,62.61431782194293,2
433,12960.0,61.93460857732125,1
434,12990.0,60.83296029138142,2
435,13020.0,62.12326937482325,1
436,13050.0,63.96304988915774,1
437,13080.0,62.355043284161546,2
438,13110.0,64.52035951996109,2
439,13140.0,61.76456601630362,2
440,13170.0,66.29326831360686,1
441,13200.0,56.14293904878787,2
442,13230.0,73.52738035576687,0
443,13260.0,46.16989465937704,0
444,13290.0,44.00237378727533,0
445,13320.0,66.80168930963616,0
446,13350.0,69.40890920660526,1
447,13380.0,64.90589385481844,2
448,13410.0,61.89450557111732,1
449,13440.0,63.40764105574754,1
450,13470.0,64.62028886329087,2
451,13500.0,64.90304828304963,5
452,13530.0,61.64325488120098,5
453,13560.0,70.62802215627765,5
454,13590.0,71.89922630650399,5
455,13620.0,70.01254556251946,5
456,13650.0,71.43581911520684,5
457,13680.0,71.26470228455491,5
458,13710.0,69.5409931183026,5
459,13740.0,72.33202179776546,5
460,13770.0,74.76243716904361,5
461,13800.0,73.10279422945028,5
462,13830.0,73.08933857496062,5
463,13860.0,73.61779127651357,5
464,13890.0,72.25740966574074,5
465,13920.0,67.40073332842313,5
466,13950.0,67.1758173658363,5
467,13980.0,69.4481940934799,5
468,14010.0,69.43747188371238,5
469,14040.0,74.17601047974655,5
470,14070.0,75.6487448138456,5
471,14100.0,77.77223915224286,5
472,14130.0,76.2339870978561,5
473,14160.0,74.43437142913814,5
474,14190.0,75.74691436200847,0
475,14220.0,78.7093555092234,0
476,14250.0,69.44414183485682,5
477,14280.0,67.66357719824363,5
478,14310.0,63.73135054963856,5
479,14340.0,67.68907603935793,5
480,14370.0,67.11510066502731,5
481,14400.0,72.2517572423619,5
482,14430.0,69.25620801049914,5
483,14460.0,66.54764589295233,5
484,14490.0,68.90518950143186,5
485,14520.0,69.50266462728574,5
486,14550.0,69.01610034874933,5
487,14580.0,67.7351542579712,5
488,14610.0,71.17112923163225,5
489,14640.0,70.01270073105813,5
490,14670.0,67.21319704128369,5
491,14700.0,63.17480619200195,5
492,14730.0,65.40032606214139,5
493,14760.0,67.53489426360606,5
494,14790.0,68.27855846427454,5
495,14820.0,69.15379648489441,5
496,14850.0,68.87179531131336,5
497,14880.0,72.68957403162018,5
498,14910.0,72.00058324828098,5
499,14940.0,74.9591781618084,5
500,14970.0,73.47190953791086,5
501,15000.0,66.49688943616569,5
502,15030.0,67.21849924935175,5
503,15060.0,67.67838597636658,5
504,15090.0,68.07225047022722,5
505,15120.0,70.1389539302518,5
506,15150.0,68.21689078670163,5
507,15180.0,69.81398235221734,5
508,15210.0,67.32213689034313,5
509,15240.0,65.86739473545273,5
510,15270.0,70.77648079435595,5
511,15300.0,69.48788482122272,5
512,15330.0,67.10325359547562,5
513,15360.0,70.13599495359712,5
514,15390.0,70.24104896178211,5
515,15420.0,70.89840403248732,5
516,15450.0,68.36119010726567,5
517,15480.0,67.68304694003554,5
518,15510.0,67.76386181030793,5
519,15540.0,74.12659916575147,5
520,15570.0,68.21848406768723,5
521,15600.0,70.85219846876429,1
522,15630.0,71.24349657206535,5
523,15660.0,65.87233225859117,0
524,15690.0,70.41921781801355,1
525,15720.0,66.77717457126475,2
526,15750.0,68.75963220446167,2
527,15780.0,70.9451816177091,2
528,15810.0,69.76792215598655,2
529,15840.0,70.1138000330843,2
530,15870.0,68.44629045358616,2
531,15900.0,66.72914548564721,2
532,15930.0,71.90316431513129,1
533,15960.0,68.59697288629691,2
534,15990.0,69.37699703186043,2
535,16020.0,66.75938752886104,2
536,16050.0,65.16824918687306,2
537,16080.0,71.743546635374,2
538,16110.0,68.52608902370832,2
539,16140.0,67.47804826220734,2
540,16170.0,68.06195553703061,2
541,16200.0,65.75015857974205,2
542,16230.0,68.37240328957023,2
543,16260.0,68.39472148472576,2
544,16290.0,66.57866863694495,2
545,16320.0,67.48399989241948,2
546,16350.0,69.95630782167198,2
547,16380.0,69.28623305874956,1
548,16410.0,70.32723623986462,2
549,16440.0,66.89726820267971,2
550,16470.0,66.87673544609736,2
551,16500.0,68.43812277922788,2
552,16530.0,68.99303811613602,2
553,16560.0,68.91672196647859,2
554,16590.0,69.2224810007998,2
555,16620.0,70.07930203012617,2
556,16650.0,69.65242833195595,2
557,16680.0,69.32715157628405,2
558,16710.0,68.92779597013043,3
559,16740.0,69.15264311118541,2
560,16770.0,70.09431124777076,3
561,16800.0,68.4615249339255,3
562,16830.0,69.22903473159204,3
563,16860.0,70.4422306985798,3
564,16890.0,69.52598512492725,3
565,16920.0,70.32832200490952,3
566,16950.0,69.60473519791546,3
567,16980.0,70.84322246548356,3
568,17010.0,70.32800226991687,3
569,17040.0,70.6027954694795,3
570,17070.0,70.2365735861592,2
571,17100.0,68.53223805225107,2
572,17130.0,70.20432263783891,2
573,17160.0,70.06576457944507,3
574,17190.0,69.84397032997187,3
575,17220.0,69.34065928672145,3
576,17250.0,69.65245746530418,3
577,17280.0,69.70078074605955,3
578,17310.0,71.46737687387716,3
579,17340.0,70.9486515774326,3
580,17370.0,70.2942605035939,3
581,17400.0,69.23719305395637,3
582,17430.0,69.83555519059951,3
583,17460.0,70.17891067242147,3
584,17490.0,68.71253319070607,3
585,17520.0,70.88419669339225,3
586,17550.0,70.66058996913995,3
587,17580.0,70.12501230620765,3
588,17610.0,71.05698992963458,3
589,17640.0,70.7113432241957,3
590,17670.0,71.34654719824402,3
591,17700.0,71.00235311441713,3
592,17730.0,70.46839864607433,3
593,17760.0,69.3908955080196,3
594,17790.0,70.45641671075276,3
595,17820.0,69.09905536725212,3
596,17850.0,70.06789981365358,3
597,17880.0,70.24688791083277,3
598,17910.0,68.2851826389359,3
599,17940.0,70.84938428140889,3
600,17970.0,70.9880040860024,3
601,18000.0,70.2618656137509,3
602,18030.0,71.91360943720336,3
603,18060.0,71.33870116285117,3
604,18090.0,71.42094123742447,3
605,18120.0,70.81736192908528,3
606,18150.0,71.34758498077206,3
607,18180.0,70.95698119095987,3
608,18210.0,72.02037214153353,3
609,18240.0,72.2851332654008,3
610,18270.0,71.53822596205272,3
611,18300.0,69.71455612747366,3
612,18330.0,70.69579430608714,3
613,18360.0,70.67971156660111,3
614,18390.0,70.91055085849922,3
615,18420.0,70.11865646578882,3
616,18450.0,75.66280618134384,1
617,18480.0,83.49981649958247,1
618,18510.0,77.04898640175593,1
619,18540.0,80.44874834842291,1
620,18570.0,79.69686652240242,1
621,18600.0,78.37620056723395,1
622,18630.0,77.3114546280566,2
623,18660.0,76.14073403860701,2
624,18690.0,85.37589748016603,0
625,18720.0,81.31565874676124,1
626,18750.0,73.3721722911701,1
627,18780.0,72.08968280884748,1
628,18810.0,72.56884765934183,2
629,18840.0,71.4733163838604,2
630,18870.0,71.93914408480639,2
631,18900.0,73.85291758940718,2
632,18930.0,72.53653571723504,2
633,18960.0,68.44296139401447,2
634,18990.0,69.336571129364,2
635,19020.0,69.1051186482863,2
636,19050.0,68.96271653189768,2
637,19080.0,68.74645289202672,2
638,19110.0,68.30539050372018,2
639,19140.0,69.97891124753909,2
640,19170.0,68.34058500934322,2
641,19200.0,69.00884951483727,2
642,19230.0,70.57202125683636,2
643,19260.0,68.68723083302773,2
644,19290.0,69.52616531328117,2
645,19320.0,73.74893374144654,2
646,19350.0,69.22237719037716,2
647,19380.0,67.97866504392191,2
648,19410.0,68.51206790456756,2
649,19440.0,68.55298384674995,2
650,19470.0,67.52487816277684,2
651,19500.0,68.8872252297994,2
652,19530.0,66.84575501432235,2
653,19560.0,69.90825781326042,2
654,19590.0,67.15687912871525,2
655,19620.0,68.60203336837,2
656,19650.0,67.51798652423629,2
657,19680.0,67.46210657383999,2
658,19710.0,66.49583626112758,2
659,19740.0,68.13747209630775,2
660,19770.0,67.56226881528613,2
661,19800.0,66.39407531584001,2
662,19830.0,67.69738271819942,2
663,19860.0,66.50905692583272,2
664,19890.0,68.20801001667036,2
665,19920.0,65.07767507548978,2
666,19950.0,68.34899141465638,2
667,19980.0,69.51853991854303,2
668,20010.0,69.18648276522038,2
669,20040.0,68.91650977014659,2
670,20070.0,67.87406402702851,2
671,20100.0,67.40327525295808,2
672,20130.0,68.23646139177589,2
673,20160.0,66.87115270288936,2
674,20190.0,66.63765965064927,2
675,20220.0,68.2188951369764,2
676,20250.0,66.75006088686663,2
677,20280.0,67.04490147219539,2
678,20310.0,69.32248882569323,2
679,20340.0,68.17109105671764,2
680,20370.0,68.43992539988368,2
681,20400.0,69.43252758946782,2
682,20430.0,66.78034949944421,2
683,20460.0,69.49919519820614,2
684,20490.0,67.21390855125412,2
685,20520.0,67.61903601884835,2
686,20550.0,73.01433766217295,0
687,20580.0,79.08885496740007,1
688,20610.0,73.67466502623371,2
689,20640.0,66.72921658479392,2
690,20670.0,69.04221817328016,2
691,20700.0,68.01519978150202,1
692,20730.0,67.37137913207054,2
693,20760.0,68.91918466192392,0
694,20790.0,77.41532572142239,1
695,20820.0,70.05799158261146,2
696,20850.0,69.10450060379063,2
697,20880.0,70.50894620558886,2
698,20910.0,68.8497412238809,2
699,20940.0,67.57812725574766,2
700,20970.0,70.23103187682307,2
701,21000.0,67.95983759230403,2
702,21030.0,69.66155449691563,5
703,21060.0,68.27724717882509,5
704,21090.0,72.19487987264382,5
705,21120.0,75.50473183180698,5
706,21150.0,75.93843452484265,5
707,21180.0,72.80436266098906,5
708,21210.0,70.81326847848848,5
709,21240.0,70.66827987937765,5
710,21270.0,69.2132418468362,5
711,21300.0,70.2545790746429,5
712,21330.0,66.49033558824314,5
713,21360.0,70.37041535227806,5
714,21390.0,69.05205820577626,5
715,21420.0,75.7625787074445,5
716,21450.0,70.4100188590788,5
717,21480.0,68.43106973692011,5
718,21510.0,72.23765556533333,5
719,21540.0,70.84024862221244,5
720,21570.0,73.69516704007218,5
721,21600.0,77.18071348430995,5
722,21630.0,69.72703082484335,5
723,21660.0,69.95255619824678,5
724,21690.0,70.68164651065065,5
725,21720.0,72.5669988226569,5
726,21750.0,75.67619154832906,5
727,21780.0,73.49529636596648,1
728,21810.0,78.1752459532021,5
729,21840.0,76.34620278390234,5
730,21870.0,71.52162578993975,5
731,21900.0,70.34526649858581,5
732,21930.0,71.71746325772527,1
733,21960.0,71.82025279601469,2
734,21990.0,70.78266209294686,2
735,22020.0,69.46592295615919,2
736,22050.0,73.44224406608723,1
737,22080.0,69.08863567678324,2
738,22110.0,70.89264154159457,2
739,22140.0,72.1051986066087,2
740,22170.0,71.42606145570961,2
741,22200.0,72.25333404254404,1
742,22230.0,69.78807378419843,2
743,22260.0,71.08686415597482,2
744,22290.0,70.7187140514823,2
745,22320.0,72.8878663402286,2
746,22350.0,70.71931704850164,1
747,22380.0,68.95309713021292,2
748,22410.0,71.00582932165158,2
749,22440.0,68.88127174543493,2
750,22470.0,71.36455559161753,2
751,22500.0,69.8526095193349,2
752,22530.0,70.22160903702347,2
753,22560.0,71.96061216576018,2
754,22590.0,69.89386964713925,2
755,22620.0,70.91255140134041,2
756,22650.0,69.14256701045863,2
757,22680.0,71.43822367045574,2
758,22710.0,68.32931353714852,2
759,22740.0,70.08433664936327,2
760,22770.0,69.53553678228191,2
761,22800.0,71.79198648693861,2
762,22830.0,74.57323702702224,0
763,22860.0,85.52181279794519,0
764,22890.0,75.37345139365512,1
765,22920.0,68.18211580902731,2
766,22950.0,71.71498240437941,2
767,22980.0,67.63829013477374,2
768,23010.0,71.839075412069,2
769,23040.0,69.21320934668886,2
770,23070.0,72.13920941772604,2
771,23100.0,69.57790327969353,2
772,23130.0,68.43812581197378,2
773,23160.0,69.25952978127644,2
774,23190.0,69.89721753683622,2
775,23220.0,69.48399715160022,2
776,23250.0,67.25068168036812,2
777,23280.0,69.15687727006477,2
778,23310.0,68.55066555043493,2
779,23340.0,67.92786343002889,2
780,23370.0,69.15163854254051,2
781,23400.0,68.11796182170829,2
782,23430.0,69.4009079277872,2
783,23460.0,69.30054164151865,2
784,23490.0,68.98716600515267,2
785,23520.0,69.20994359832248,2
786,23550.0,70.23979406130911,2
787,23580.0,68.21443969766483,2
788,23610.0,70.5657172561614,2
789,23640.0,70.71712965913868,2
790,23670.0,69.10278879920325,2
791,23700.0,68.59234308726047,2
792,23730.0,68.77358084775325,2
793,23760.0,67.17032404657667,2
794,23790.0,66.64586495393792,2
795,23820.0,70.31357162448975,2
796,23850.0,67.53457801834034,2
797,23880.0,70.1206674158158,2
798,23910.0,69.59997714777977,2
799,23940.0,69.33735742032745,2
800,23970.0,68.5134548910553,2
801,24000.0,69.66730029748845,2
802,24030.0,65.12205504304742,2
803,24060.0,70.3065128252649,2
804,24090.0,69.48553570941698,2
805,24120.0,68.9787068924248,2
806,24150.0,66.1759119282616,2
807,24180.0,69.2105819109516,2
808,24210.0,67.35230608570978,2
809,24240.0,69.25984077891394,1
810,24270.0,65.31902878166683,2
811,24300.0,69.5563651112976,2
812,24330.0,66.52857752600104,2
813,24360.0,68.44121384345814,2
814,24390.0,68.93982617855909,2
815,24420.0,68.93238688372325,2
816,24450.0,67.1745953080863,2
817,24480.0,69.84961414338748,1
818,24510.0,68.23419092082698,2
819,24540.0,68.00096807166344,2
820,24570.0,66.8412785176932,2
821,24600.0,69.20763589106294,2
822,24630.0,68.83637766876926,2
823,24660.0,69.08283541058437,2
824,24690.0,73.7454088016677,0
825,24720.0,86.94744174218852,0
826,24750.0,82.54468853915105,0
827,24780.0,71.50449744130263,1
828,24810.0,72.4224376672895,2
829,24840.0,72.85642248107253,2
830,24870.0,70.38420820776203,2
831,24900.0,70.81904742745039,2
832,24930.0,73.59301034944987,2
833,24960.0,71.97196482684865,2
834,24990.0,72.3865801200841,2
835,25020.0,68.91405908982456,2
836,25050.0,68.73651283847646,2
837,25080.0,68.36829333997487,2
838,25110.0,68.44699525651006,2
839,25140.0,66.78270446897672,2
840,25170.0,70.10576303979693,2
841,25200.0,68.94695630403683,2
842,25230.0,68.90118903143697,2
843,25260.0,68.54787292562041,2
844,25290.0,68.81663444172163,2
845,25320.0,69.54876721015181,2
846,25350.0,69.82836409686932,2
847,25380.0,69.23326824024356,2
848,25410.0,69.76467882796574,2
849,25440.0,69.1457355059633,2
850,25470.0,69.96968757823538,2
851,25500.0,70.65511855840053,3
852,25530.0,68.95846560553623,3
853,25560.0,68.31669011029527,2
854,25590.0,70.06910692379284,3
855,25620.0,68.93321364689365,3
856,25650.0,69.58725502457881,3
857,25680.0,68.90038256083514,3
858,25710.0,68.98044969000627,3
859,25740.0,69.6398878581837,3
860,25770.0,68.34257408052903,3
861,25800.0,70.31409775136015,3
862,25830.0,71.87764945839615,3
863,25860.0,70.19854828700815,3
864,25890.0,69.934229780807,3
865,25920.0,71.70463310238846,2
866,25950.0,70.84297501328169,5
867,25980.0,72.11488898291093,5
868,26010.0,79.68364537957379,5
869,26040.0,76.79464244891975,5
870,26070.0,70.95158996081223,5
871,26100.0,75.69875146136975,5
872,26130.0,73.97828770899817,5
873,26160.0,76.06620269524491,5
874,26190.0,76.63548125810804,5
875,26220.0,74.33435411418132,5
876,26250.0,77.66096875084824,5
877,26280.0,76.90589162274098,5
878,26310.0,80.17985260587591,0
879,26340.0,86.67011789707094,0
880,26370.0,81.5080254664175,1
881,26400.0,73.01091150149051,2
882,26430.0,72.98478269518672,2
883,26460.0,69.25286375597699,2
884,26490.0,73.17772593964482,2
885,26520.0,71.5276486758233,1
886,26550.0,71.20724809643718,2
887,26580.0,73.77284325233255,2
888,26610.0,72.1495189095461,5
889,26640.0,66.19925178608871,5
890,26670.0,67.62729260337198,5
891,26700.0,76.98091697758161,5
892,26730.0,73.14905604496604,5
893,26760.0,70.99158669825036,5
894,26790.0,73.18343019555417,5
895,26820.0,72.6540974190205,5
896,26850.0,73.66765746751105,5
897,26880.0,73.762110172709,5
898,26910.0,73.599901033454,5
899,26940.0,71.05156088473491,5
900,26970.0,69.41508557322827,5
901,27000.0,81.2119085010843,0
902,27030.0,85.85664240071422,0
903,27060.0,84.10749448710185,1
904,27090.0,71.30083748077284,1
905,27120.0,70.05012290345238,1
906,27150.0,70.83316874689791,2
907,27180.0,73.15078709273756,2
908,27210.0,73.29162970794597,2
909,27240.0,70.32117313067751,2
910,27270.0,72.05060603344397,2
911,27300.0,70.4834541527263,2
912,27330.0,68.49030346914849,2
913,27360.0,70.73340520852344,2
914,27390.0,68.31746773562847,2
915,27420.0,70.23019192215904,2
916,27450.0,68.82482960938609,2
917,27480.0,69.75126873666666,2
918,27510.0,66.95125363962659,2
919,27540.0,70.09511849258533,2
920,27570.0,69.90136043821961,2
921,27600.0,66.16808920389235,2
922,27630.0,67.19985173272481,2
923,27660.0,68.06981722836568,2
924,27690.0,69.5114455153046,2
925,27720.0,66.48504648975373,2
926,27750.0,67.71641575919593,2
927,27780.0,67.02542317068372,2
928,27810.0,66.26767510810527,2
929,27840.0,68.70561259651313,2
930,27870.0,68.79897849561445,2
931,27900.0,65.62656343324457,2
932,27930.0,72.25669123945637,0
933,27960.0,79.96203964983275,1
934,27990.0,66.92040783685195,1
935,28020.0,65.53103303832789,2
936,28050.0,67.36072624274885,2
937,28080.0,66.97316594194423,2
938,28110.0,65.43180017629852,2
939,28140.0,67.0366985001339,2
940,28170.0,67.00349217845637,2
941,28200.0,66.2547424871974,2
942,28230.0,67.17062927104261,2
943,28260.0,63.92469716946851,2
944,28290.0,66.49965822341157,2
945,28320.0,63.05640930867647,2
946,28350.0,66.92610161124601,2
947,28380.0,67.39768777659079,2
948,28410.0,68.54311962665442,2
949,28440.0,64.6738570693288,2
950,28470.0,65.6893059470397,2
951,28500.0,65.78843820895493,2
952,28530.0,66.13718737419116,2
953,28560.0,63.669241853525385,2
954,28590.0,70.295963313492,1
955,28620.0,64.36789583089192,2
956,28650.0,71.01586266825265,0
957,28680.0,87.85700291382666,1
958,28710.0,69.22608789379744,1
959,28740.0,66.66238767739397,2
960,28770.0,68.10575175342638,2
961,28800.0,67.15011555981116,2
962,28830.0,69.47251650854247,2
963,28860.0,68.08909145123799,2
964,28890.0,69.45938832435603,2
965,28920.0,67.24794018935327,2
966,28950.0,63.67191933723069,2
967,28980.0,67.87180773199849,2
968,29010.0,65.6295891957185,2
969,29040.0,66.99884353761941,2
970,29070.0,66.20658650072887,2
971,29100.0,63.38162425836118,2
972,29130.0,64.71831554862055,2
973,29160.0,66.38838850783924,2
974,29190.0,67.54757390811261,2
975,29220.0,66.62282352813403,2
976,29250.0,64.12894085441347,2
977,29280.0,66.06158283016492,2
978,29310.0,68.01461388541524,2
979,29340.0,65.58415642402485,2
980,29370.0,65.41086610256255,2
981,29400.0,64.90805174062952,2
982,29430.0,62.413214627430335,2
983,29460.0,66.94361489947356,2
984,29490.0,65.5794736841843,2
985,29520.0,65.69195412183147,2
986,29550.0,64.7743360319994,2
987,29580.0,69.43577533147096,1
988,29610.0,68.54703526914555,2
989,29640.0,66.75695537867377,2
990,29670.0,65.88591761399022,2
991,29700.0,66.95509990192338,2
992,29730.0,66.58372491262051,2
993,29760.0,66.65742601329683,2
994,29790.0,68.43744402296092,2
995,29820.0,67.22371604500255,2
996,29850.0,66.77640696540779,2
997,29880.0,65.15538870269856,2
998,29910.0,67.073690450167,2
999,29940.0,67.67794389872046,3
1000,29970.0,66.06496893468282,3
1001,30000.0,64.81466721571954,2
1002,30030.0,67.86099304521389,5
1003,30060.0,66.80022903306747,5
1004,30090.0,67.6827610513311,5
1005,30120.0,69.55136302701638,5
1006,30150.0,74.74480516209803,5
1007,30180.0,71.53026091218236,0
1008,30210.0,86.08732082196384,1
1009,30240.0,73.26675286531514,0
1010,30270.0,71.01658944713698,1
1011,30300.0,73.68049928907843,0
1012,30330.0,66.19594567382258,0
1013,30360.0,78.52074257405378,0
1014,30390.0,89.42864943928504,0
1015,30420.0,78.0313922455499,0
1016,30450.0,70.46199436311836,0
1017,30480.0,77.08448311421903,0
1018,30510.0,85.89800990845504,0
1019,30540.0,83.8720184750192,0
1020,30570.0,84.37075327932743,0
1021,30600.0,92.5454699968852,0
1022,30630.0,81.24458583179823,0
1023,30660.0,77.58952669304445,0
1024,30690.0,68.60363803296997,0
1025,30720.0,92.41333010303624,0
1026,30750.0,62.33167957607745,0
1027,30780.0,72.08984438073185,0
1028,30810.0,86.01398788869153,0
1029,30840.0,89.74295174601482,0
1030,30870.0,79.8153636757624,0
1031,30900.0,75.83752291008616,0
1032,30930.0,74.54331730133312,0
1033,30960.0,72.57209356656067,0
1034,30990.0,75.13618702487321,0
1035,31020.0,70.20446714698059,0
1036,31050.0,68.80971754762197,0
1037,31080.0,65.38815286202427,0
1038,31110.0,68.51886858126326,0
1039,31140.0,73.90063321716627,0
1040,31170.0,63.76590734872278,0
1041,31200.0,77.36187313583511,0
1042,31230.0,73.92223076266943,0
1043,31260.0,75.28960362978448,0
1044,31290.0,85.66937155148992,0
1045,31320.0,62.31845041104873,0
1046,31350.0,64.6964373665188,0
1047,31380.0,61.53491028322023,0
1048,31410.0,64.02632050475471,0
1049,31440.0,68.89164229716799,0
1050,31470.0,67.08964234777541,0
1051,31500.0,66.06980701280584,0
1052,31530.0,70.28513823454408,0
1053,31560.0,85.47565029904428,0
1054,31590.0,81.84551009174359,0
1055,31620.0,81.20231648726055,0
1056,31650.0,80.16971393127059,0
1057,31680.0,78.35684237542598,0
1058,31710.0,88.48500661884775,0
1059,31740.0,73.79068071041638,0
1060,31770.0,78.18944626667542,0
1061,31800.0,80.30298580724886,0
1062,31830.0,70.71817414645118,0
1063,31860.0,66.64731220665176,0
1064,31890.0,72.51439109729878,0
1065,31920.0,72.95310800939916,0
1066,31950.0,73.22164498801482,0
1067,31980.0,66.38051471251543,0
1068,32010.0,64.2360243385528,0
1069,32040.0,68.91118416131287,0
1070,32070.0,67.19757635410159,0
1071,32100.0,68.8431812925308,0
1072,32130.0,72.504345215429,0
1073,32160.0,69.54534048508457,0
1074,32190.0,75.77255841289033,0
1075,32220.0,71.55134725132054,0
1076,32250.0,68.09087537270005,0
1077,32280.0,66.89480281054361,0
1078,32310.0,70.39878024917651,0
1079,32340.0,72.54711469989961,0
