Index,timestamp,heart_rate,sleep_stage
1,0.0,56.23664911454753,1
2,30.0,56.27096527166815,2
3,60.0,56.07999942050164,2
4,90.0,59.12822685229636,0
5,120.0,67.70668956763375,0
6,150.0,57.69489573385725,0
7,180.0,57.58609107696982,0
8,210.0,55.88157915369506,0
9,240.0,57.03537998431785,0
10,270.0,57.50951947231688,0
11,300.0,57.28131289877034,0
12,330.0,59.78536832736144,0
13,360.0,60.61569782876568,0
14,390.0,57.662241083144586,0
15,420.0,59.18253374286876,0
16,450.0,58.32897793064707,0
17,480.0,59.18089719088968,0
18,510.0,57.65101666591657,0
19,540.0,58.94725736534152,2
20,570.0,57.43105865564149,2
21,600.0,58.072384797038936,1
22,630.0,56.79797218802323,1
23,660.0,58.622486911605314,0
24,690.0,58.90916102056338,1
25,720.0,55.89409903187361,0
26,750.0,57.20740351327362,1
27,780.0,56.571192113767374,2
28,810.0,56.98169807820119,2
29,840.0,56.496375853551726,2
30,870.0,56.49071288353594,2
31,900.0,55.90796638972378,2
32,930.0,56.149582949920735,2
33,960.0,57.23644654286995,2
34,990.0,56.71761211130318,2
35,1020.0,57.65357541941218,2
36,1050.0,59.23734082281535,2
37,1080.0,58.0274061174055,2
38,1110.0,56.48904063618005,2
39,1140.0,56.00630785533042,2
40,1170.0,57.32262175607307,2
41,1200.0,57.0787379698694,2
42,1230.0,58.04231265139857,2
43,1260.0,57.76461770172277,2
44,1290.0,57.33054033290266,2
45,1320.0,56.38199950096293,2
46,1350.0,56.54572655084695,2
47,1380.0,56.1494979760021,2
48,1410.0,55.99036695576333,2
49,1440.0,55.0879383548801,2
50,1470.0,56.00247228500044,2
51,1500.0,55.91497906807455,2
52,1530.0,57.416525356644186,2
53,1560.0,56.00770722313366,2
54,1590.0,57.289624138480576,2
55,1620.0,55.7391733429882,2
56,1650.0,57.2218155249449,2
57,1680.0,56.42235574114565,2
58,1710.0,56.75680950885314,2
59,1740.0,55.20709974525126,2
60,1770.0,58.9256354206784,3
61,1800.0,54.92970200934264,0
62,1830.0,73.53355332052136,0
63,1860.0,65.4517774690909,0
64,1890.0,55.81314256384707,0
65,1920.0,58.868666896271925,0
66,1950.0,56.21040215118851,1
67,1980.0,58.33312067322155,2
68,2010.0,57.48917190186559,2
69,2040.0,57.590132265580536,2
70,2070.0,59.42854525201458,2
71,2100.0,57.53294435649613,2
72,2130.0,59.167669852287816,2
73,2160.0,56.9953052754761,2
74,2190.0,55.74695994619411,2
75,2220.0,57.70473505469909,2
76,2250.0,56.2851178067542,2
77,2280.0,55.70469432545218,2
78,2310.0,55.27636198519963,2
79,2340.0,56.10581682032705,2
80,2370.0,55.87745469954708,2
81,2400.0,57.67883056012342,2
82,2430.0,57.01577156449578,2
83,2460.0,56.58648466847863,2
84,2490.0,55.48172969490443,2
85,2520.0,56.86557901998056,3
86,2550.0,56.0852362051877,2
87,2580.0,57.10335008687347,3
88,2610.0,55.29431397925023,2
89,2640.0,58.590972588581,2
90,2670.0,56.871169148569344,2
91,2700.0,55.320736896451045,2
92,2730.0,55.8476151809134,2
93,2760.0,53.93846913756292,2
94,2790.0,56.07211863393821,2
95,2820.0,55.7743210435323,2
96,2850.0,55.71643882839695,2
97,2880.0,56.43720640027527,2
98,2910.0,56.036254681867895,2
99,2940.0,57.1123858427533,2
100,2970.0,57.365914822287415,2
101,3000.0,58.091291185343,2
102,3030.0,57.27092305427005,2
103,3060.0,57.30093380694805,2
104,3090.0,56.15758325599367,2
105,3120.0,56.70976532523938,2
106,3150.0,57.573698325394645,3
107,3180.0,57.30780818976088,3
108,3210.0,57.30237955969893,3
109,3240.0,56.66955247766724,3
110,3270.0,57.47422183630993,3
111,3300.0,57.65483516845495,3
112,3330.0,57.5707875919382,3
113,3360.0,57.54394973671921,3
114,3390.0,57.17503726702935,3
115,3420.0,56.65351685751037,3
116,3450.0,56.395839901752886,3
117,3480.0,56.28643370626949,3
118,3510.0,57.10132528095814,3
119,3540.0,57.03736024631864,3
120,3570.0,56.80519102294159,3
121,3600.0,56.82967995035892,3
122,3630.0,57.31580995828789,3
123,3660.0,57.411472302644135,3
124,3690.0,57.21070680412533,3
125,3720.0,57.56285493857813,3
126,3750.0,56.9686697162027,3
127,3780.0,57.52579292941409,3
128,3810.0,57.39522384974582,3
129,3840.0,57.332775523158254,3
130,3870.0,57.48199407465496,3
131,3900.0,57.80704134806922,3
132,3930.0,57.18679902066313,3
133,3960.0,57.866523508528005,3
134,3990.0,57.6009993620494,3
135,4020.0,58.676194202172,3
136,4050.0,57.63437979406147,3
137,4080.0,58.387642398945125,3
138,4110.0,58.39036770613468,3
139,4140.0,57.62344019665634,3
140,4170.0,57.41086357279372,3
141,4200.0,57.24435791876783,3
142,4230.0,56.6713850904177,3
143,4260.0,56.7248711940376,3
144,4290.0,56.25672036384026,3
145,4320.0,57.07236879319175,3
146,4350.0,57.26742029247957,3
147,4380.0,56.59912773208147,2
148,4410.0,57.14969892666023,3
149,4440.0,56.39314778282442,3
150,4470.0,57.49912273612848,2
151,4500.0,57.213792671557925,2
152,4530.0,58.209585338975785,2
153,4560.0,56.01936468451433,2
154,4590.0,54.95868845991705,2
155,4620.0,55.47883261271483,2
156,4650.0,55.72540197832974,2
157,4680.0,56.97773239903415,2
158,4710.0,56.73674066142224,2
159,4740.0,60.68728682647584,2
160,4770.0,59.93918750315596,2
161,4800.0,57.00901779696572,5
162,4830.0,62.062551924614205,5
163,4860.0,61.55067216323067,5
164,4890.0,61.027306374447534,5
165,4920.0,65.31616993828291,5
166,4950.0,62.832899750198486,5
167,4980.0,64.28753546217483,5
168,5010.0,59.06433674976572,5
169,5040.0,62.07194263885559,5
170,5070.0,65.97831757109994,5
171,5100.0,64.06389675569652,5
172,5130.0,60.74570408210095,5
173,5160.0,63.35515332615562,5
174,5190.0,57.42345435239831,5
175,5220.0,60.40788450391203,0
176,5250.0,60.461536574773376,5
177,5280.0,57.05767971471949,5
178,5310.0,54.7896666651576,5
179,5340.0,55.586366670040285,5
180,5370.0,57.19832068486407,5
181,5400.0,56.357810608107634,5
182,5430.0,57.55051286734415,0
183,5460.0,58.91159885047139,0
184,5490.0,59.14821838721608,1
185,5520.0,56.440702285306685,1
186,5550.0,56.71746573911437,2
187,5580.0,56.631425428250026,2
188,5610.0,57.39532217822591,2
189,5640.0,55.46802137923321,5
190,5670.0,58.49843432280412,5
191,5700.0,61.69008987340733,5
192,5730.0,60.13535794558788,5
193,5760.0,63.8365004771587,5
194,5790.0,55.28157641251108,5
195,5820.0,58.52009870562563,5
196,5850.0,56.39710850408379,5
197,5880.0,58.67690020326935,5
198,5910.0,56.223016887787736,5
199,5940.0,56.42281503116698,5
200,5970.0,56.39931370431938,5
201,6000.0,59.48604255160139,5
202,6030.0,58.54619116276133,5
203,6060.0,59.69908273023759,5
204,6090.0,55.21026720427907,2
205,6120.0,55.6534774001039,5
206,6150.0,56.59970387506626,5
207,6180.0,59.76004840947743,5
208,6210.0,58.327856940830976,5
209,6240.0,56.066068167179736,5
210,6270.0,59.26410053276043,5
211,6300.0,59.89948882906122,5
212,6330.0,58.26545562816314,5
213,6360.0,56.86314036318932,5
214,6390.0,58.03452709710735,5
215,6420.0,56.99004085116903,5
216,6450.0,58.08784473785392,5
217,6480.0,62.36384301984314,5
218,6510.0,57.594257069413466,5
219,6540.0,57.22774270582688,5
220,6570.0,55.32836214985025,5
221,6600.0,56.80507089494463,5
222,6630.0,57.37333798611013,5
223,6660.0,56.57687555972112,5
224,6690.0,54.42470144813624,5
225,6720.0,58.00865447789181,5
226,6750.0,56.77813789148804,5
227,6780.0,57.71637916454748,5
228,6810.0,59.6748825421433,5
229,6840.0,60.01974601932697,5
230,6870.0,61.20774610212732,5
231,6900.0,66.75504616123216,5
232,6930.0,65.00783763097718,5
233,6960.0,58.78355607365767,5
234,6990.0,57.85787128276255,5
235,7020.0,61.20835199949227,5
236,7050.0,58.14206636835666,5
237,7080.0,55.03515083919777,5
238,7110.0,56.12845519676432,5
239,7140.0,56.33594307336191,5
240,7170.0,56.36714745958738,5
241,7200.0,56.27412103685454,5
242,7230.0,56.34805158315879,2
243,7260.0,56.98176817612253,2
244,7290.0,57.50895050596375,1
245,7320.0,56.75672107262748,2
246,7350.0,57.59239377156539,2
247,7380.0,56.47861516833326,2
248,7410.0,56.221777934827934,2
249,7440.0,56.359175866484016,2
250,7470.0,56.98286851228786,2
251,7500.0,55.705099604329874,1
252,7530.0,55.818373944923714,2
253,7560.0,56.35493704499774,2
254,7590.0,55.11625423302398,2
255,7620.0,55.937465093466166,2
256,7650.0,55.76762479253003,2
257,7680.0,56.55632488627586,2
258,7710.0,56.5290018371363,2
259,7740.0,56.25543188941045,2
260,7770.0,56.31925095189893,2
261,7800.0,56.34286693410928,2
262,7830.0,56.26414516726157,2
263,7860.0,55.84423621746496,2
264,7890.0,55.90206292588853,2
265,7920.0,56.03790022522108,2
266,7950.0,56.83895574657606,2
267,7980.0,56.57732485974,2
268,8010.0,56.71840302450798,2
269,8040.0,56.30833073121128,2
270,8070.0,57.744283016924086,2
271,8100.0,57.51986304709629,3
272,8130.0,57.47047915883029,2
273,8160.0,57.189034315835066,3
274,8190.0,57.646082148702114,3
275,8220.0,57.81732577305249,3
276,8250.0,56.84469386417105,2
277,8280.0,57.40958088015751,3
278,8310.0,56.26090130305917,3
279,8340.0,57.2333728810368,3
280,8370.0,56.07206155536805,3
281,8400.0,57.7654190888137,3
282,8430.0,57.24679427815201,3
283,8460.0,58.378341724990655,3
284,8490.0,58.20905827146633,3
285,8520.0,58.12010360224129,3
286,8550.0,57.40665765336092,3
287,8580.0,58.1335458179315,3
288,8610.0,57.72029175205485,3
289,8640.0,58.53787451448324,3
290,8670.0,56.08888624274046,3
291,8700.0,58.95492685951687,3
292,8730.0,55.93285219648212,3
293,8760.0,70.02230537560317,0
294,8790.0,68.04484988129545,0
295,8820.0,55.44606844901036,0
296,8850.0,59.33565576991925,0
297,8880.0,56.741637996447416,0
298,8910.0,59.81836577585258,0
299,8940.0,56.85704721846788,0
300,8970.0,58.7378203448541,0
301,9000.0,57.95064578710086,1
302,9030.0,58.07349322474019,0
303,9060.0,57.17064642213106,1
304,9090.0,57.249819799289526,0
305,9120.0,60.16417419935754,0
306,9150.0,60.4298995417556,0
307,9180.0,59.06033615090756,0
308,9210.0,59.83931389333853,0
309,9240.0,58.61713838856544,0
310,9270.0,59.27855463434653,0
311,9300.0,59.14757547626587,0
312,9330.0,58.41873911991097,0
313,9360.0,57.30827402892711,0
314,9390.0,57.58244794413514,2
315,9420.0,56.43657707293212,0
316,9450.0,57.53271871700377,2
317,9480.0,56.14708581070407,1
318,9510.0,56.77074772884716,1
319,9540.0,57.10192501898132,2
320,9570.0,57.75142463315441,2
321,9600.0,55.3930859047627,2
322,9630.0,57.13943519577175,2
323,9660.0,55.63588205775309,1
324,9690.0,55.49854989466723,0
325,9720.0,55.87754379214894,1
326,9750.0,56.97951836954149,1
327,9780.0,55.70013704746268,1
328,9810.0,56.56672173411416,2
329,9840.0,55.16004486885487,2
330,9870.0,56.56373369549232,2
331,9900.0,56.10341343735743,2
332,9930.0,56.24114065679976,2
333,9960.0,56.07709084154197,2
334,9990.0,55.29062277345693,2
335,10020.0,55.04885999886647,2
336,10050.0,55.74302334754904,2
337,10080.0,54.98508263065245,2
338,10110.0,55.302403423435685,2
339,10140.0,54.81842308148216,2
340,10170.0,56.496965732400575,2
341,10200.0,53.51648982839357,2
342,10230.0,53.18987465781988,2
343,10260.0,54.005494355612086,2
344,10290.0,54.32069741242239,2
345,10320.0,52.67014776059695,2
346,10350.0,52.92654861389339,2
347,10380.0,51.713585556393646,2
348,10410.0,55.45822654748181,2
349,10440.0,51.98644182490957,0
350,10470.0,60.48611350590302,0
351,10500.0,71.29714031437906,0
352,10530.0,61.85491861149364,2
353,10560.0,64.40863399838145,1
354,10590.0,60.60168957642093,1
355,10620.0,63.35355677904045,1
356,10650.0,58.43020124047421,2
357,10680.0,61.064829821935824,2
358,10710.0,59.33396940691916,2
359,10740.0,59.7974466255781,2
360,10770.0,57.54116355488191,2
361,10800.0,58.56915236697157,2
362,10830.0,57.98322635070183,2
363,10860.0,57.60104106855708,2
364,10890.0,57.52797668513617,2
365,10920.0,56.886283147442256,2
366,10950.0,56.52817143871949,2
367,10980.0,56.60094100194871,2
368,11010.0,56.33489493236097,2
369,11040.0,56.957004193565005,2
370,11070.0,55.5472439850565,2
371,11100.0,56.059771846120256,2
372,11130.0,56.46998872795327,2
373,11160.0,56.7427892761081,2
374,11190.0,57.79298857939701,3
375,11220.0,56.32519783745918,2
376,11250.0,56.936764237625965,2
377,11280.0,56.78358890424556,2
378,11310.0,55.80268747512094,2
379,11340.0,56.10620332419848,3
380,11370.0,54.37689615791222,3
381,11400.0,53.875428738584354,3
382,11430.0,54.31107823747019,2
383,11460.0,52.10448689323155,2
384,11490.0,53.26685509659818,3
385,11520.0,53.5725676184098,3
386,11550.0,54.38376471835036,3
387,11580.0,55.154713604136376,3
388,11610.0,56.108991467086256,3
389,11640.0,54.34705091557747,3
390,11670.0,54.83860558287291,3
391,11700.0,54.84185681232106,3
392,11730.0,54.77318547756569,3
393,11760.0,55.92660794511729,3
394,11790.0,55.073305030302336,3
395,11820.0,54.81894556582708,3
396,11850.0,54.17501991401591,3
397,11880.0,55.53176057256898,3
398,11910.0,56.01947670829552,3
399,11940.0,54.70945083811671,3
400,11970.0,55.4145197486387,2
401,12000.0,55.91068821256635,2
402,12030.0,54.73831270639924,2
403,12060.0,55.07133432972199,3
404,12090.0,54.533675007823206,3
405,12120.0,55.68731153994906,2
406,12150.0,56.04493425858104,2
407,12180.0,55.20050463747033,3
408,12210.0,55.380735488925104,3
409,12240.0,55.43366868498764,2
410,12270.0,54.60159805629229,2
411,12300.0,55.03363840198302,3
412,12330.0,55.25583594430741,3
413,12360.0,55.08733518455662,2
414,12390.0,55.64545774379604,3
415,12420.0,55.28245078414413,3
416,12450.0,55.95231601156861,2
417,12480.0,56.04759608576876,2
418,12510.0,55.67901492400251,2
419,12540.0,55.15241819708619,3
420,12570.0,55.69269050295139,3
421,12600.0,55.250893030820976,3
422,12630.0,55.51859895266557,2
423,12660.0,56.436487645402856,3
424,12690.0,55.16307883333267,3
425,12720.0,55.796772645817406,3
426,12750.0,55.36115012995492,3
427,12780.0,55.9431507533317,3
428,12810.0,55.84453952692226,3
429,12840.0,55.311382779041736,3
430,12870.0,54.683582640818365,3
431,12900.0,55.31634014996003,3
432,12930.0,55.64405841218407,3
433,12960.0,55.19041556952387,3
434,12990.0,56.039852671654735,3
435,13020.0,55.67245894752806,3
436,13050.0,55.6373048542524,3
437,13080.0,56.63517205034783,3
438,13110.0,56.44845252103399,2
439,13140.0,56.94809862002307,2
440,13170.0,55.947344502729166,2
441,13200.0,57.1346319904056,2
442,13230.0,56.36513338936869,2
443,13260.0,56.880960019744194,2
444,13290.0,57.191963083546526,3
445,13320.0,55.96973553089747,2
446,13350.0,57.05182472160139,2
447,13380.0,56.67469840877914,2
448,13410.0,55.78731598591866,2
449,13440.0,56.41306178563897,2
450,13470.0,56.54756121220617,2
451,13500.0,56.52062078801485,2
452,13530.0,57.1342225924785,5
453,13560.0,59.7787177230246,5
454,13590.0,59.94157665993265,5
455,13620.0,60.0473261642197,5
456,13650.0,60.624744434153946,5
457,13680.0,62.33665578723421,5
458,13710.0,61.63328503547123,5
459,13740.0,62.73022270675701,5
460,13770.0,63.432595566947775,5
461,13800.0,60.87756013614409,5
462,13830.0,61.09815756534753,5
463,13860.0,61.04451977634152,5
464,13890.0,60.94596300306469,5
465,13920.0,62.22772421550475,5
466,13950.0,62.4250268692107,5
467,13980.0,60.05125675493876,5
468,14010.0,60.57164506152576,5
469,14040.0,59.92324406979447,5
470,14070.0,61.069349884072224,5
471,14100.0,61.84714357898272,5
472,14130.0,65.16669346930192,5
473,14160.0,61.94820859759725,5
474,14190.0,64.18027042793557,5
475,14220.0,60.10845941777522,5
476,14250.0,73.45694369867329,0
477,14280.0,65.69134064972181,1
478,14310.0,59.57868049280202,1
479,14340.0,61.21697967960477,1
480,14370.0,58.19639386980976,1
481,14400.0,59.93251440163053,1
482,14430.0,58.87518700696084,1
483,14460.0,58.26452841701976,1
484,14490.0,57.77136409853836,1
485,14520.0,57.97886660565274,1
486,14550.0,57.54085786940046,1
487,14580.0,58.76925101073741,0
488,14610.0,61.1186533159805,1
489,14640.0,57.90332619805914,0
490,14670.0,61.06647010158428,1
491,14700.0,57.642453072292106,0
492,14730.0,67.74466823791087,0
493,14760.0,70.00311467821561,0
494,14790.0,56.67282948332959,0
495,14820.0,58.46222285250716,2
496,14850.0,56.88720097248134,2
497,14880.0,58.337652233555445,2
498,14910.0,58.20956362449137,2
499,14940.0,59.01016966538634,2
500,14970.0,56.220004481172666,2
501,15000.0,57.40276468524371,2
502,15030.0,56.49407376835703,2
503,15060.0,57.07432470541544,2
504,15090.0,55.80747547745312,2
505,15120.0,58.5804124021258,2
506,15150.0,55.34054864543087,2
507,15180.0,56.825486862399046,2
508,15210.0,56.96144448072053,2
509,15240.0,56.74821158448756,2
510,15270.0,55.835664645266455,2
511,15300.0,56.27013951279006,2
512,15330.0,55.8567436661701,2
513,15360.0,55.85307704489423,2
514,15390.0,55.38036388352322,2
515,15420.0,56.40014682295352,2
516,15450.0,54.874063872134165,2
517,15480.0,55.342274050036025,2
518,15510.0,54.73611104484641,2
519,15540.0,55.648315428600654,2
520,15570.0,55.27582223169018,2
521,15600.0,56.61171063631678,2
522,15630.0,55.742929400489096,2
523,15660.0,56.23069565911042,2
524,15690.0,55.572128918440434,2
525,15720.0,56.068439270767385,2
526,15750.0,56.29035902550229,2
527,15780.0,56.17535697134019,2
528,15810.0,55.84606019809219,2
529,15840.0,56.41628166842256,2
530,15870.0,56.021005666005024,2
531,15900.0,56.91296752089863,2
532,15930.0,57.25166110271582,2
533,15960.0,56.468137893923696,2
534,15990.0,56.388138024458975,2
535,16020.0,56.29215474260532,2
536,16050.0,55.1264459915348,2
537,16080.0,55.45319023969965,2
538,16110.0,55.180224551405125,2
539,16140.0,55.698779854400726,2
540,16170.0,56.47204765277793,2
541,16200.0,56.77045937857544,2
542,16230.0,54.39759016496306,2
543,16260.0,55.60579512186537,2
544,16290.0,55.52913028345228,2
545,16320.0,56.43507643319345,2
546,16350.0,57.02058776180402,2
547,16380.0,57.82255871014022,2
548,16410.0,56.16557302206879,2
549,16440.0,57.04443710989255,2
550,16470.0,57.04897410217184,2
551,16500.0,57.61530740610722,3
552,16530.0,56.51703984791645,3
553,16560.0,56.40946459281341,2
554,16590.0,56.65060731316757,2
555,16620.0,56.71806497803009,2
556,16650.0,57.769876271605256,2
557,16680.0,57.1469134502822,2
558,16710.0,57.08666488598577,2
559,16740.0,56.99138853206135,2
560,16770.0,56.20909640535167,2
561,16800.0,56.991574759623546,2
562,16830.0,56.712598851925165,3
563,16860.0,56.67052746912006,2
564,16890.0,56.40703121784048,3
565,16920.0,57.14926930235953,2
566,16950.0,56.4270644280971,2
567,16980.0,57.28749613005191,2
568,17010.0,56.2820010954423,2
569,17040.0,57.35486874971645,2
570,17070.0,57.936035769470806,3
571,17100.0,57.9527016098525,2
572,17130.0,57.445938102745934,2
573,17160.0,57.34852017445011,2
574,17190.0,57.49112054627141,2
575,17220.0,56.844122841967504,2
576,17250.0,57.10253451698819,3
577,17280.0,57.129448941815006,2
578,17310.0,56.743346713010354,2
579,17340.0,55.86751953677253,2
580,17370.0,56.71937273572792,2
581,17400.0,55.803224328125296,2
582,17430.0,59.516326343389366,2
583,17460.0,61.09311283558895,2
584,17490.0,57.30834086406211,2
585,17520.0,58.36086280488344,2
586,17550.0,57.95687942190283,2
587,17580.0,56.19932846374785,2
588,17610.0,57.36139226080582,2
589,17640.0,57.34980354733258,2
590,17670.0,56.85667056124481,2
591,17700.0,56.77187787424858,2
592,17730.0,56.00235100642187,2
593,17760.0,56.50941580581341,2
594,17790.0,55.549323921789366,2
595,17820.0,56.493336823594,2
596,17850.0,55.42820928324935,2
597,17880.0,56.16474924539298,2
598,17910.0,55.414945891294735,2
599,17940.0,56.14240745949071,2
600,17970.0,56.26148385630645,2
601,18000.0,56.76735858945378,2
602,18030.0,55.46130274830988,2
603,18060.0,56.56102841749689,2
604,18090.0,56.384005944820686,2
605,18120.0,56.22271091674568,2
606,18150.0,56.07146375212509,2
607,18180.0,55.56977027600635,2
608,18210.0,55.113492640392046,2
609,18240.0,56.14221947479608,2
610,18270.0,54.829033685329726,3
611,18300.0,55.23104080032019,2
612,18330.0,54.72414166016367,2
613,18360.0,55.17267285277253,3
614,18390.0,55.12307856301487,3
615,18420.0,56.46678076125692,2
616,18450.0,55.64295528595887,2
617,18480.0,56.058547651356285,2
618,18510.0,54.857400885110216,2
619,18540.0,56.29179565610167,2
620,18570.0,56.12144921077393,2
621,18600.0,56.87188616822164,2
622,18630.0,56.84639576406438,2
623,18660.0,56.4010188891846,2
624,18690.0,55.9110456045053,2
625,18720.0,57.18269346375213,2
626,18750.0,55.72649672276598,2
627,18780.0,56.84734109434926,2
628,18810.0,57.037177396053,2
629,18840.0,57.07706988081684,2
630,18870.0,56.11828457496679,2
631,18900.0,55.74696800596697,2
632,18930.0,56.314339095677504,2
633,18960.0,56.55832360628517,5
634,18990.0,60.15583691095114,5
635,19020.0,68.03301879606971,5
636,19050.0,67.88217328851836,5
637,19080.0,63.4252141233342,5
638,19110.0,65.77270734493074,5
639,19140.0,67.52200006914282,5
640,19170.0,61.247319323221255,5
641,19200.0,61.70227004223326,5
642,19230.0,61.65189903593095,0
643,19260.0,63.41061213564144,5
644,19290.0,61.34818108510088,5
645,19320.0,60.240320186215946,5
646,19350.0,59.36838421620555,5
647,19380.0,61.19070551797198,5
648,19410.0,59.31793822684212,5
649,19440.0,62.807930634722176,5
650,19470.0,63.92270857841749,5
651,19500.0,61.85731129674325,5
652,19530.0,60.08122385507498,5
653,19560.0,60.37382951553696,5
654,19590.0,59.680274909666046,5
655,19620.0,60.5638774106744,5
656,19650.0,60.324643822332064,5
657,19680.0,59.7458813467251,5
658,19710.0,60.00986676582194,5
659,19740.0,59.62185231592913,5
660,19770.0,60.19743784741649,5
661,19800.0,62.66439154422944,5
662,19830.0,60.98844009502623,5
663,19860.0,61.029288317132206,5
664,19890.0,58.35725317904264,5
665,19920.0,60.37054205789852,0
666,19950.0,58.773243500233136,1
667,19980.0,63.65475960900425,0
668,20010.0,75.04089021615886,0
669,20040.0,59.753283639594585,0
670,20070.0,59.690993252915874,0
671,20100.0,57.18712035977499,1
672,20130.0,58.51171481165496,0
673,20160.0,56.89371845691216,1
674,20190.0,57.48535545735602,1
675,20220.0,56.620894359504064,1
676,20250.0,56.89080041045938,1
677,20280.0,57.16783250621137,2
678,20310.0,55.70876976455052,2
679,20340.0,56.75659454637369,2
680,20370.0,56.61025150270397,2
681,20400.0,56.39990523030741,2
682,20430.0,55.72070525459775,2
683,20460.0,54.660570391218,2
684,20490.0,56.01850737900082,2
685,20520.0,55.47348521376566,2
686,20550.0,55.46410734015702,0
687,20580.0,55.69635771110262,1
688,20610.0,56.53797991580717,1
689,20640.0,56.542762855466655,2
690,20670.0,55.70017955714591,2
691,20700.0,55.6626100639285,2
692,20730.0,53.87644021925964,2
693,20760.0,55.06246244380304,2
694,20790.0,55.36763225544499,2
695,20820.0,56.00153752910928,2
696,20850.0,55.42339953446291,2
697,20880.0,55.41294425846221,2
698,20910.0,54.56863228780552,2
699,20940.0,56.118889688950766,2
700,20970.0,55.13630146036334,2
701,21000.0,65.40762230338827,0
702,21030.0,63.0318577178986,2
703,21060.0,56.78524085382719,2
704,21090.0,58.89406030465147,2
705,21120.0,56.35210729131679,2
706,21150.0,57.18182309985932,1
707,21180.0,57.31275287574558,2
708,21210.0,56.48192986191709,2
709,21240.0,55.97117472424421,2
710,21270.0,57.186740477959376,2
711,21300.0,56.11328866980279,2
712,21330.0,56.85869203659016,2
713,21360.0,55.54263593946023,2
714,21390.0,55.17896094584879,2
715,21420.0,55.815580740413,2
716,21450.0,55.28649407537071,2
717,21480.0,55.77105165547073,2
718,21510.0,54.92365481484064,2
719,21540.0,54.7705276538716,2
720,21570.0,54.98373257981417,2
721,21600.0,54.877995664260894,2
722,21630.0,55.33840590645024,2
723,21660.0,56.15113667308996,2
724,21690.0,57.304768819725645,2
725,21720.0,56.46169855132849,2
726,21750.0,56.40917285098762,2
727,21780.0,55.85876509952922,2
728,21810.0,55.17847094736049,2
729,21840.0,55.141330222645344,2
730,21870.0,56.2218499757216,2
731,21900.0,56.50097161246458,2
732,21930.0,56.50330304350597,2
733,21960.0,54.73996786344748,2
734,21990.0,54.79642817359154,2
735,22020.0,55.83862493295692,2
736,22050.0,56.27052523740042,2
737,22080.0,55.81373548437962,2
738,22110.0,55.25556186600182,2
739,22140.0,54.89327663566853,2
740,22170.0,55.68764990061044,2
741,22200.0,54.84136377915237,2
742,22230.0,54.44695222611414,2
743,22260.0,55.23811590453699,2
744,22290.0,55.593993332531575,2
745,22320.0,55.17790074231127,2
746,22350.0,55.48994021696228,2
747,22380.0,56.294714847334944,2
748,22410.0,55.36201632237553,2
749,22440.0,55.55335973134122,2
750,22470.0,55.121809186481286,2
751,22500.0,55.32629137048245,2
752,22530.0,55.22117611088563,2
753,22560.0,55.057757912206256,2
754,22590.0,55.9617788412649,2
755,22620.0,54.558175649881335,2
756,22650.0,54.36161260269861,2
757,22680.0,54.37366257131723,2
758,22710.0,55.028397255432914,2
759,22740.0,54.692507562799385,2
760,22770.0,55.96011367219803,2
761,22800.0,55.13065927120834,2
762,22830.0,56.24596015144056,2
763,22860.0,55.14158643008293,2
764,22890.0,54.74269055225143,2
765,22920.0,55.55791936415744,2
766,22950.0,54.06458806867457,2
767,22980.0,53.30747977027945,2
768,23010.0,53.42757776565148,2
769,23040.0,54.304610908127046,2
770,23070.0,54.187289903963695,2
771,23100.0,54.97263226781175,2
772,23130.0,55.59112555104807,2
773,23160.0,55.06131273819481,2
774,23190.0,56.09612685173413,2
775,23220.0,55.72849187050104,2
776,23250.0,55.3345076760407,2
777,23280.0,55.80722274302383,2
778,23310.0,56.25770883511728,2
779,23340.0,55.6145203959526,2
780,23370.0,55.617168990470304,2
781,23400.0,55.25778291376579,3
782,23430.0,56.06704015277342,2
783,23460.0,55.2744201787696,2
784,23490.0,57.0966180850624,2
785,23520.0,59.13731388527038,2
786,23550.0,58.07845833324355,2
787,23580.0,56.85974770366227,2
788,23610.0,57.733981732680974,2
789,23640.0,57.86601646589468,1
790,23670.0,57.423847375047366,1
791,23700.0,54.88968337581901,2
792,23730.0,55.93660021572111,2
793,23760.0,55.212460396639166,2
794,23790.0,56.33894288524659,2
795,23820.0,55.271538648939405,1
796,23850.0,56.069282695728695,1
797,23880.0,57.25765368499601,5
798,23910.0,58.0616023563293,5
799,23940.0,56.90836128965972,1
800,23970.0,57.75435246556451,2
801,24000.0,56.8208194085481,5
802,24030.0,57.40472420104789,5
803,24060.0,57.12940386909481,1
804,24090.0,57.97259549869913,1
805,24120.0,57.659918733919824,5
806,24150.0,58.333659839706655,5
807,24180.0,59.44478245484613,5
808,24210.0,60.00419050056448,5
809,24240.0,59.08129009630238,5
810,24270.0,59.4036419465711,5
811,24300.0,59.58251508879055,5
812,24330.0,59.08680691116756,5
813,24360.0,59.89966127438193,5
814,24390.0,60.96237585898191,5
815,24420.0,60.59884036547687,5
816,24450.0,59.96388197702324,5
817,24480.0,60.29825256662106,5
818,24510.0,62.87915211232908,5
819,24540.0,62.07130178185238,5
820,24570.0,60.34800437540487,5
821,24600.0,59.28512904765536,5
822,24630.0,58.13979052107359,5
823,24660.0,57.10460272173588,5
824,24690.0,58.48396713496168,5
825,24720.0,58.28475261211159,5
826,24750.0,57.26854035798809,5
827,24780.0,58.44726278348823,0
828,24810.0,58.85388118973328,5
829,24840.0,57.21651312198733,5
830,24870.0,58.42583874719628,5
831,24900.0,57.315891098226736,5
832,24930.0,57.11453648991349,5
833,24960.0,57.44520530667348,5
834,24990.0,57.08090489842499,5
835,25020.0,57.98009851571031,5
836,25050.0,59.15737915703612,5
837,25080.0,57.78311117299736,5
838,25110.0,59.0619797830864,5
839,25140.0,59.21599483186362,5
840,25170.0,58.82584705020492,5
841,25200.0,59.31015951651269,5
842,25230.0,58.69932818577864,5
843,25260.0,61.031501398755495,5
844,25290.0,73.52043947066738,0
845,25320.0,65.63301921185658,0
846,25350.0,59.12836773086724,0
847,25380.0,65.63314448283354,0
848,25410.0,77.72121612150167,0
849,25440.0,72.12958514996619,0
850,25470.0,65.13993599796551,0
851,25500.0,63.96140828642813,0
852,25530.0,60.89440076872537,0
853,25560.0,66.94338304587582,0
854,25590.0,81.98228521465632,0
855,25620.0,83.20055762558786,0
856,25650.0,89.27176502845647,0
857,25680.0,81.20582483858983,0
858,25710.0,76.94467837534522,0
859,25740.0,69.62397523278909,0
860,25770.0,74.81544132578723,0
861,25800.0,82.78168377084256,0
862,25830.0,81.90443148572494,0
863,25860.0,78.54808388031248,0
864,25890.0,76.8277630196772,0
865,25920.0,76.26352796329812,0
866,25950.0,81.08118407249502,0
867,25980.0,78.168514328916,0
868,26010.0,69.34453352948698,0
869,26040.0,62.40937652465849,0
870,26070.0,62.233424318546746,0
871,26100.0,60.28729151445068,0
872,26130.0,60.8741970915308,0
873,26160.0,60.58784082998409,0
874,26190.0,60.38889489607824,0
875,26220.0,60.70981014343666,0
876,26250.0,60.47971201493432,0
877,26280.0,59.51626412061015,0
878,26310.0,60.23298299535826,0
879,26340.0,59.877800546533,0
880,26370.0,60.09569222257317,0
881,26400.0,60.027686310429786,0
882,26430.0,59.58112356728896,0
883,26460.0,57.84086110831343,0
884,26490.0,58.17356350089121,0
885,26520.0,59.107126872002745,0
886,26550.0,59.89697831319388,0
887,26580.0,58.77494871706415,0
888,26610.0,58.98889385147062,0
889,26640.0,58.93371535335881,0
890,26670.0,57.922976052146666,0
891,26700.0,57.70348656389695,0
892,26730.0,59.07535605540453,0
893,26760.0,58.2258245101931,0
894,26790.0,58.37785116448982,0
895,26820.0,57.20957883858328,0
896,26850.0,57.15771173882948,0
897,26880.0,58.10230580814651,0
898,26910.0,58.64304306257676,0
899,26940.0,58.7964475468517,0
900,26970.0,59.440101404225786,0
901,27000.0,59.243205363004826,0
902,27030.0,59.25543948311315,0
903,27060.0,59.081284126306365,0
904,27090.0,59.50445612439281,0
905,27120.0,57.47168950833096,0
906,27150.0,59.30649894535952,0
907,27180.0,58.85933851243622,0
908,27210.0,60.215748667074486,0
909,27240.0,59.485196197276224,0
910,27270.0,61.24414277504135,0
911,27300.0,60.442737513276114,0
912,27330.0,58.43191645797392,0
913,27360.0,59.74608539696751,0
914,27390.0,57.72679261755844,0
915,27420.0,57.73396837806633,0
916,27450.0,58.64993989014108,0
917,27480.0,58.2072071446696,0
918,27510.0,58.8793596805196,0
919,27540.0,57.898911913189984,0
920,27570.0,58.50289574539766,0
921,27600.0,58.72097597079339,0
922,27630.0,58.73403216623808,0
923,27660.0,57.92823815130516,0
924,27690.0,58.10426062995764,0
925,27720.0,58.59194949761171,0
926,27750.0,57.77711336041405,0
927,27780.0,58.35456536619474,0
928,27810.0,57.80608206667752,0
929,27840.0,57.2650813158049,0
930,27870.0,57.1734955111265,0
931,27900.0,58.42470869987589,0
932,27930.0,57.79036521314101,0
933,27960.0,58.29746576302805,0
934,27990.0,58.22665931633141,0
935,28020.0,56.89685279681704,0
936,28050.0,56.92581383503867,0
937,28080.0,58.08095765634298,0
938,28110.0,57.94125571958677,0
939,28140.0,59.0494423641988,0
940,28170.0,59.2359244128961,0
941,28200.0,60.00594418380943,0
942,28230.0,59.325501752923735,0
943,28260.0,57.9775829771864,0
944,28290.0,57.84120020414133,0
945,28320.0,57.10122008935292,0
946,28350.0,58.736587162186105,0
947,28380.0,58.42130383488114,0
948,28410.0,60.32342768789047,0
949,28440.0,59.61312589672226,0
950,28470.0,56.59588297163531,0
951,28500.0,60.48383766327545,0
952,28530.0,60.92380785720499,0
953,28560.0,57.20393947867433,0
954,28590.0,59.423176329132346,0
955,28620.0,58.847122639444734,0
956,28650.0,60.84362569433034,0
957,28680.0,59.185743846759,0
958,28710.0,59.9369456807816,0
959,28740.0,59.17617407746091,0
960,28770.0,59.23648847503753,0
961,28800.0,59.03372056886238,0
962,28830.0,58.59956686525211,0
963,28860.0,59.32339765121639,0
964,28890.0,58.67046286952024,0
965,28920.0,59.69110052768903,0
966,28950.0,60.096087735660944,0
967,28980.0,58.71787669945539,0
968,29010.0,58.66538981511283,0
969,29040.0,58.41338771356191,0
970,29070.0,59.06302319997357,0
971,29100.0,59.30355153186836,0
972,29130.0,59.73031025558325,0
973,29160.0,59.59848793583806,0
974,29190.0,60.31967481044275,0
975,29220.0,61.16174427858849,0
976,29250.0,60.97489198594622,0
977,29280.0,57.58461869206222,0
978,29310.0,60.59909177692621,0
979,29340.0,58.87066439790737,0
980,29370.0,61.03081539441968,0
981,29400.0,58.237734941092015,0
982,29430.0,65.99407038693217,0
983,29460.0,71.89615909358307,0
984,29490.0,62.6322023161626,0
985,29520.0,61.249328785197136,0
986,29550.0,59.66507955638912,0
987,29580.0,58.16953138016943,0
988,29610.0,58.06858320685791,0
989,29640.0,58.65462888779133,0
990,29670.0,57.35319227900153,0
991,29700.0,57.97172144059464,0
992,29730.0,58.5431310841595,0
993,29760.0,56.8290240333304,0
994,29790.0,57.09162424039719,0
995,29820.0,58.73653020405392,0
996,29850.0,58.0773714413033,0
997,29880.0,58.32664299193127,0
998,29910.0,57.98034777817072,0
999,29940.0,57.67753765412196,0
1000,29970.0,57.64298549301898,0
1001,30000.0,57.39204001403491,0
1002,30030.0,57.35847329766985,0
1003,30060.0,57.23765564979247,0
1004,30090.0,57.007885379415605,0
1005,30120.0,57.50676182764415,0
1006,30150.0,56.4976050274468,0
1007,30180.0,56.6779885508709,0
1008,30210.0,57.23537071516633,0
1009,30240.0,55.89102118597327,0
1010,30270.0,56.176297710607656,0
1011,30300.0,55.947681496148775,0
1012,30330.0,56.553741196066326,0
1013,30360.0,57.1752513337224,0
1014,30390.0,57.2387621205544,0
1015,30420.0,56.19861500806799,0
1016,30450.0,55.8740970187297,0
1017,30480.0,55.58080604012356,0
1018,30510.0,57.01842526408074,0
1019,30540.0,59.33070899184832,0
1020,30570.0,56.81285654057952,0
1021,30600.0,56.51664306438836,0
1022,30630.0,56.48726608936365,0
1023,30660.0,56.422096678891904,0
1024,30690.0,55.729746203110686,0
1025,30720.0,55.795077498073525,0
1026,30750.0,56.68366993028303,0
1027,30780.0,62.69108328942589,0
1028,30810.0,56.52300240241456,0
1029,30840.0,56.056611540798485,0
1030,30870.0,55.56684246612862,0
1031,30900.0,56.30409895313417,0
1032,30930.0,56.85732144832957,0
1033,30960.0,56.221912410141805,0
1034,30990.0,55.58245323616068,0
1035,31020.0,56.57050439844224,0
1036,31050.0,56.096717679369945,0
1037,31080.0,55.604254647396765,0
1038,31110.0,55.12102100404925,0
1039,31140.0,54.96015069880941,0
1040,31170.0,55.02926390154856,1
1041,31200.0,55.45300628846471,2
1042,31230.0,54.99080143963997,2
1043,31260.0,55.38247083784097,2
1044,31290.0,55.792274817265024,0
1045,31320.0,55.12421116034528,0
1046,31350.0,56.84935453715067,0
1047,31380.0,58.63961987440292,0
1048,31410.0,57.49000417414792,0
1049,31440.0,57.44409398697552,0
1050,31470.0,57.33963020297576,0
1051,31500.0,57.991595793019016,0
1052,31530.0,60.40447075580812,0
1053,31560.0,57.13359303806414,0
1054,31590.0,58.833865060138365,0
1055,31620.0,58.84099156142514,0
1056,31650.0,56.547301791018086,0
1057,31680.0,55.66352323664806,0
1058,31710.0,58.6635099197491,0
1059,31740.0,57.93404259092896,0
1060,31770.0,57.56957488227225,0
1061,31800.0,58.23480126801313,0
1062,31830.0,59.77844705292309,0
1063,31860.0,55.27230010519301,0
1064,31890.0,58.54711207618829,0
1065,31920.0,57.93656470122641,0
1066,31950.0,56.024878021621575,0
1067,31980.0,57.0880262984543,0
1068,32010.0,55.64127306483432,0
1069,32040.0,57.44195281761696,0
1070,32070.0,55.92993817789951,0
1071,32100.0,56.22441541843592,0
1072,32130.0,55.77115989592636,0
1073,32160.0,56.22843333765309,0
1074,32190.0,56.93284910908536,0
1075,32220.0,56.445051970437405,0
1076,32250.0,56.0414023249909,0
1077,32280.0,54.87224894920107,1
1078,32310.0,54.5276806395942,1
1079,32340.0,55.002531922024566,1
